0
0.023247
0.0464802
0.0696858
0.09285
0.115959
0.138999
0.161957
0.184819
0.207571
0.2302
0.252694
0.275038
0.29722
0.319228
0.341047
0.362667
0.384075
0.405258
0.426205
0.446904
0.467344
0.487513
0.507401
0.526997
0.546291
0.565272
0.583932
0.602259
0.620246
0.637883
0.655161
0.672073
0.688611
0.704767
0.720534
0.735905
0.750874
0.765435
0.779582
0.793309
0.806612
0.819486
0.831928
0.843932
0.855497
0.866618
0.877294
0.887521
0.8973
0.906627
0.915502
0.923924
0.931894
0.939411
0.946476
0.953091
0.959255
0.964972
0.970242
0.97507
0.979457
0.983407
0.986924
0.990011
0.992673
0.994914
0.99674
0.998156
0.999167
0.99978
1
0.999835
0.999291
0.998376
0.997096
0.99546
0.993476
0.991151
0.988495
0.985515
0.982221
0.978623
0.974728
0.970547
0.966089
0.961365
0.956384
0.951155
0.945691
0.94
0.934093
0.927981
0.921674
0.915184
0.90852
0.901694
0.894716
0.887598
0.88035
0.872983
0.865508
0.857936
0.850277
0.842542
0.834743
0.826889
0.818991
0.81106
0.803105
0.795138
0.787168
0.779205
0.77126
0.763341
0.755458
0.747622
0.73984
0.732122
0.724476
0.716912
0.709437
0.702061
0.69479
0.687632
0.680596
0.673687
0.666914
0.660283
0.6538
0.647471
0.641303
0.635301
0.62947
0.623816
0.618343
0.613056
0.607959
0.603056
0.59835
0.593846
0.589545
0.58545
0.581565
0.577891
0.57443
0.571183
0.568153
0.565339
0.562742
0.560363
0.558202
0.556258
0.554532
0.553021
0.551726
0.550645
0.549776
0.549118
0.548667
0.548423
0.548382
0.548542
0.548899
0.54945
0.550191
0.551119
0.55223
0.55352
0.554983
0.556616
0.558414
0.560372
0.562485
0.564747
0.567154
0.569699
0.572377
0.575183
0.578109
0.581151
0.584302
0.587556
0.590907
0.594348
0.597873
0.601475
0.605148
0.608886
0.612681
0.616527
0.620418
0.624346
0.628306
0.63229
0.636292
0.640306
0.644325
0.648342
0.652351
0.656346
0.660321
0.664268
0.668183
0.672059
0.67589
0.67967
0.683393
0.687055
0.690649
0.69417
0.697614
0.700974
0.704246
0.707425
0.710506
0.713486
0.71636
0.719123
0.721771
0.724302
0.726711
0.728995
0.73115
0.733174
0.735063
0.736816
0.738429
0.7399
0.741227
0.742409
0.743442
0.744327
0.745062
0.745644
0.746075
0.746352
0.746475
0.746444
0.746258
0.745919
0.745425
0.744777
0.743976
0.743022
0.741917
0.740661
0.739255
0.737702
0.736002
0.734158
0.73217
0.730042
0.727775
0.725371
0.722834
0.720165
0.717367
0.714443
0.711395
0.708228
0.704943
0.701545
0.698035
0.694419
0.690698
0.686878
0.68296
0.678949
0.674849
0.670663
0.666395
0.662049
0.657628
0.653137
0.64858
0.643959
0.63928
0.634546
0.629761
0.624929
0.620053
0.615138
0.610187
0.605204
0.600193
0.595157
0.590101
0.585027
0.579939
0.574841
0.569737
0.564628
0.559519
0.554413
0.549312
0.544221
0.539141
0.534075
0.529027
0.523998
0.518992
0.51401
0.509055
0.504129
0.499235
0.494373
0.489546
0.484756
0.480004
0.475292
0.47062
0.465991
0.461405
0.456863
0.452367
0.447916
0.443511
0.439154
0.434844
0.430581
0.426366
0.422199
0.41808
0.414008
0.409983
0.406005
0.402073
0.398187
0.394346
0.390548
0.386794
0.383082
0.379411
0.37578
0.372187
0.368632
0.365113
0.361628
0.358176
0.354755
0.351364
0.348
0.344663
0.34135
0.33806
0.33479
0.331539
0.328305
0.325085
0.321879
0.318683
0.315496
0.312316
0.30914
0.305968
0.302796
0.299624
0.296448
0.293267
0.29008
0.286884
0.283677
0.280458
0.277224
0.273975
0.270709
0.267424
0.264118
0.26079
0.257439
0.254063
0.250661
0.247232
0.243775
0.240289
0.236772
0.233225
0.229646
0.226035
0.222391
0.218713
0.215002
0.211257
0.207478
0.203664
0.199817
0.195935
0.19202
0.188071
0.18409
0.180076
0.17603
0.171954
0.167847
0.163712
0.159549
0.155359
0.151143
0.146904
0.142642
0.138359
0.134056
0.129737
0.125401
0.121052
0.116692
0.112322
0.107944
0.103562
0.0991768
0.0947915
0.0904085
0.0860303
0.0816595
0.0772989
0.0729511
0.068619
0.0643053
0.0600129
0.0557448
0.0515038
0.0472929
0.0431152
0.0389735
0.034871
0.0308107
0.0267956
0.0228288
0.0189133
0.0150521
0.0112482
0.0075047
0.00382453
0.00021065
-0.00333402
-0.00680658
-0.0102042
-0.0135241
-0.0167634
-0.0199195
-0.0229898
-0.0259716
-0.0288624
-0.0316598
-0.0343615
-0.036965
-0.0394682
-0.041869
-0.0441653
-0.0463551
-0.0484367
-0.0504082
-0.0522681
-0.0540146
-0.0556465
-0.0571624
-0.058561
-0.0598413
-0.0610023
-0.0620431
-0.0629629
-0.0637612
-0.0644374
-0.0649912
-0.0654223
-0.0657306
-0.0659162
-0.0659791
-0.0659196
-0.0657382
-0.0654353
-0.0650117
-0.0644681
-0.0638054
-0.0630247
-0.0621272
-0.0611141
-0.059987
-0.0587473
-0.0573967
-0.0559371
-0.0543703
-0.0526984
-0.0509235
-0.0490479
-0.0470739
-0.0450041
-0.042841
-0.0405872
-0.0382456
-0.0358191
-0.0333105
-0.030723
-0.0280596
-0.0253237
-0.0225184
-0.0196472
-0.0167134
-0.0137205
-0.0106722
-0.00757192
-0.0044234
-0.00123031
0.00200361
0.0052746
0.00857886
0.0119126
0.0152719
0.0186529
0.0220518
0.0254647
0.0288878
0.0323171
0.0357488
0.039179
0.042604
0.0460199
0.0494229
0.0528094
0.0561755
0.0595178
0.0628325
0.0661162
0.0693652
0.0725763
0.0757461
0.0788711
0.0819484
0.0849746
0.0879469
0.0908621
0.0937176
0.0965104
0.0992379
0.101898
0.104487
0.107004
0.109445
0.11181
0.114096
0.116301
0.118423
0.120461
0.122413
0.124278
0.126055
0.127742
0.129338
0.130843
0.132256
0.133576
0.134803
0.135937
0.136977
0.137923
0.138776
0.139536
0.140202
0.140776
0.141259
0.14165
0.141952
0.142164
0.142288
0.142326
0.142278
0.142147
0.141934
0.141641
0.141269
0.14082
0.140298
0.139703
0.139039
0.138307
0.13751
0.136651
0.135732
0.134756
0.133726
0.132644
0.131515
0.13034
0.129123
0.127867
0.126575
0.125251
0.123897
0.122517
0.121114
0.119692
0.118254
0.116804
0.115344
0.113879
0.112411
0.110944
0.109482
0.108028
0.106585
0.105156
0.103745
0.102356
0.10099
0.0996525
0.0983453
0.0970719
0.0958352
0.0946382
0.0934838
0.0923748
0.0913139
0.0903039
0.0893472
0.0884464
0.0876038
0.0868218
0.0861026
0.0854482
0.0848607
0.0843419
0.0838936
0.0835175
0.0832151
0.0829879
0.0828371
0.082764
0.0827697
0.0828549
0.0830207
0.0832676
0.0835962
0.084007
0.0845002
0.085076
0.0857345
0.0864756
0.087299
0.0882044
0.0891914
0.0902593
0.0914074
0.0926348
0.0939406
0.0953237
0.0967828
0.0983166
0.0999237
0.101602
0.103351
0.105168
0.107052
0.108999
0.111009
0.113079
0.115207
0.11739
0.119626
0.121912
0.124246
0.126625
0.129047
0.131508
0.134006
0.136537
0.139099
0.141689
0.144304
0.14694
0.149594
0.152263
0.154945
0.157635
0.160332
0.16303
0.165728
0.168422
0.171108
0.173784
0.176447
0.179093
0.18172
0.184323
0.186901
0.18945
0.191968
0.19445
0.196896
0.199301
0.201664
0.203981
0.206251
0.20847
0.210637
0.212748
0.214803
0.216799
0.218734
0.220606
0.222413
0.224154
0.225828
0.227433
0.228967
0.23043
0.23182
0.233138
0.234381
0.235549
0.236643
0.237661
0.238603
0.239469
0.24026
0.240975
0.241616
0.242181
0.242672
0.24309
0.243436
0.24371
0.243914
0.244049
0.244116
0.244117
0.244054
0.243928
0.243742
0.243497
0.243195
0.24284
0.242432
0.241975
0.241472
0.240924
0.240335
0.239707
0.239045
0.238349
0.237625
0.236874
0.2361
0.235307
0.234498
0.233676
0.232844
0.232007
0.231168
0.23033
0.229498
0.228673
0.227861
0.227065
0.226289
0.225535
0.224809
0.224112
0.22345
0.222825
0.222242
0.221702
0.221211
0.22077
0.220385
0.220056
0.219789
0.219586
0.21945
0.219383
0.219389
0.21947
0.219629
0.219868
0.22019
0.220597
0.221091
0.221673
0.222346
0.223111
0.223971
0.224925
0.225976
0.227124
0.22837
0.229715
0.23116
0.232704
0.234349
0.236094
0.237938
0.239882
0.241926
0.244067
0.246305
0.24864
0.25107
0.253593
0.256208
0.258913
0.261705
0.264583
0.267545
0.270586
0.273706
0.2769
0.280166
0.2835
0.286899
0.290359
0.293876
0.297446
0.301065
0.304729
0.308432
0.312171
0.315941
0.319736
0.323552
0.327383
0.331224
0.335069
0.338914
0.342752
0.346577
0.350384
0.354166
0.357918
0.361633
0.365306
0.36893
0.372498
0.376005
0.379444
0.382808
0.386092
0.389288
0.39239
0.395393
0.398289
0.401072
0.403736
0.406274
0.40868
0.410949
0.413073
0.415046
0.416864
0.418519
0.420006
0.421319
0.422454
0.423403
0.424162
0.424726
0.42509
0.425249
0.425198
0.424932
0.424448
0.423741
0.422807
0.421642
0.420243
0.418607
0.416729
0.414609
0.412242
0.409626
0.406759
0.40364
0.400266
0.396636
0.392749
0.388603
0.3842
0.379537
0.374615
0.369435
0.363996
0.358299
0.352346
0.346138
0.339676
0.332962
0.325999
0.31879
0.311336
0.30364
0.295708
0.287541
0.279144
0.270521
0.261677
0.252616
0.243344
0.233866
0.224187
0.214313
0.204251
0.194007
0.183587
0.172998
0.162248
0.151344
0.140293
0.129104
0.117783
0.10634
0.0947835
0.083121
0.0713619
0.0595151
0.0475897
0.0355951
0.0235406
0.011436
-0.000709122
-0.0128849
-0.0250813
-0.0372884
-0.0494959
-0.0616936
-0.0738713
-0.0860186
-0.0981251
-0.11018
-0.122174
-0.134095
-0.145933
-0.157679
-0.16932
-0.180847
-0.19225
-0.203518
-0.214641
-0.225608
-0.23641
-0.247036
-0.257477
-0.267722
-0.277762
-0.287588
-0.29719
-0.306558
-0.315684
-0.32456
-0.333175
-0.341522
-0.349593
-0.357379
-0.364872
-0.372066
-0.378952
-0.385524
-0.391775
-0.397697
-0.403286
-0.408536
-0.413439
-0.417992
-0.422189
-0.426025
-0.429496
-0.432598
-0.435327
-0.43768
-0.439654
-0.441246
-0.442453
-0.443275
-0.443708
-0.443753
-0.443407
-0.442671
-0.441545
-0.440028
-0.438122
-0.435826
-0.433143
-0.430075
-0.426623
-0.42279
-0.418578
-0.413992
-0.409034
-0.403708
-0.398019
-0.391971
-0.38557
-0.378821
-0.371729
-0.3643
-0.356542
-0.348459
-0.340061
-0.331353
-0.322344
-0.313041
-0.303452
-0.293587
-0.283454
-0.273062
-0.26242
-0.251539
-0.240427
-0.229094
-0.217552
-0.20581
-0.193879
-0.181771
-0.169495
-0.157064
-0.144488
-0.131779
-0.11895
-0.10601
-0.0929735
-0.0798512
-0.0666553
-0.0533981
-0.0400916
-0.0267483
-0.0133803
-5.34188e-16
0.0133803
0.0267483
0.0400916
0.0533981
0.0666553
0.0798512
0.0929735
0.10601
0.11895
0.131779
0.144488
0.157064
0.169495
0.181771
0.193879
0.20581
0.217552
0.229094
0.240427
0.251539
0.26242
0.273062
0.283454
0.293587
0.303452
0.313041
0.322344
0.331353
0.340061
0.348459
0.356542
0.3643
0.371729
0.378821
0.38557
0.391971
0.398019
0.403708
0.409034
0.413992
0.418578
0.42279
0.426623
0.430075
0.433143
0.435826
0.438122
0.440028
0.441545
0.442671
0.443407
0.443753
0.443708
0.443275
0.442453
0.441246
0.439654
0.43768
0.435327
0.432598
0.429496
0.426025
0.422189
0.417992
0.413439
0.408536
0.403286
0.397697
0.391775
0.385524
0.378952
0.372066
0.364872
0.357379
0.349593
0.341522
0.333175
0.32456
0.315684
0.306558
0.29719
0.287588
0.277762
0.267722
0.257477
0.247036
0.23641
0.225608
0.214641
0.203518
0.19225
0.180847
0.16932
0.157679
0.145933
0.134095
0.122174
0.11018
0.0981251
0.0860186
0.0738713
0.0616936
0.0494959
0.0372884
0.0250813
0.0128849
0.000709122
-0.011436
-0.0235406
-0.0355951
-0.0475897
-0.0595151
-0.0713619
-0.083121
-0.0947835
-0.10634
-0.117783
-0.129104
-0.140293
-0.151344
-0.162248
-0.172998
-0.183587
-0.194007
-0.204251
-0.214313
-0.224187
-0.233866
-0.243344
-0.252616
-0.261677
-0.270521
-0.279144
-0.287541
-0.295708
-0.30364
-0.311336
-0.31879
-0.325999
-0.332962
-0.339676
-0.346138
-0.352346
-0.358299
-0.363996
-0.369435
-0.374615
-0.379537
-0.3842
-0.388603
-0.392749
-0.396636
-0.400266
-0.40364
-0.406759
-0.409626
-0.412242
-0.414609
-0.416729
-0.418607
-0.420243
-0.421642
-0.422807
-0.423741
-0.424448
-0.424932
-0.425198
-0.425249
-0.42509
-0.424726
-0.424162
-0.423403
-0.422454
-0.421319
-0.420006
-0.418519
-0.416864
-0.415046
-0.413073
-0.410949
-0.40868
-0.406274
-0.403736
-0.401072
-0.398289
-0.395393
-0.39239
-0.389288
-0.386092
-0.382808
-0.379444
-0.376005
-0.372498
-0.36893
-0.365306
-0.361633
-0.357918
-0.354166
-0.350384
-0.346577
-0.342752
-0.338914
-0.335069
-0.331224
-0.327383
-0.323552
-0.319736
-0.315941
-0.312171
-0.308432
-0.304729
-0.301065
-0.297446
-0.293876
-0.290359
-0.286899
-0.2835
-0.280166
-0.2769
-0.273706
-0.270586
-0.267545
-0.264583
-0.261705
-0.258913
-0.256208
-0.253593
-0.25107
-0.24864
-0.246305
-0.244067
-0.241926
-0.239882
-0.237938
-0.236094
-0.234349
-0.232704
-0.23116
-0.229715
-0.22837
-0.227124
-0.225976
-0.224925
-0.223971
-0.223111
-0.222346
-0.221673
-0.221091
-0.220597
-0.22019
-0.219868
-0.219629
-0.21947
-0.219389
-0.219383
-0.21945
-0.219586
-0.219789
-0.220056
-0.220385
-0.22077
-0.221211
-0.221702
-0.222242
-0.222825
-0.22345
-0.224112
-0.224809
-0.225535
-0.226289
-0.227065
-0.227861
-0.228673
-0.229498
-0.23033
-0.231168
-0.232007
-0.232844
-0.233676
-0.234498
-0.235307
-0.2361
-0.236874
-0.237625
-0.238349
-0.239045
-0.239707
-0.240335
-0.240924
-0.241472
-0.241975
-0.242432
-0.24284
-0.243195
-0.243497
-0.243742
-0.243928
-0.244054
-0.244117
-0.244116
-0.244049
-0.243914
-0.24371
-0.243436
-0.24309
-0.242672
-0.242181
-0.241616
-0.240975
-0.24026
-0.239469
-0.238603
-0.237661
-0.236643
-0.235549
-0.234381
-0.233138
-0.23182
-0.23043
-0.228967
-0.227433
-0.225828
-0.224154
-0.222413
-0.220606
-0.218734
-0.216799
-0.214803
-0.212748
-0.210637
-0.20847
-0.206251
-0.203981
-0.201664
-0.199301
-0.196896
-0.19445
-0.191968
-0.18945
-0.186901
-0.184323
-0.18172
-0.179093
-0.176447
-0.173784
-0.171108
-0.168422
-0.165728
-0.16303
-0.160332
-0.157635
-0.154945
-0.152263
-0.149594
-0.14694
-0.144304
-0.141689
-0.139099
-0.136537
-0.134006
-0.131508
-0.129047
-0.126625
-0.124246
-0.121912
-0.119626
-0.11739
-0.115207
-0.113079
-0.111009
-0.108999
-0.107052
-0.105168
-0.103351
-0.101602
-0.0999237
-0.0983166
-0.0967828
-0.0953237
-0.0939406
-0.0926348
-0.0914074
-0.0902593
-0.0891914
-0.0882044
-0.087299
-0.0864756
-0.0857345
-0.085076
-0.0845002
-0.084007
-0.0835962
-0.0832676
-0.0830207
-0.0828549
-0.0827697
-0.082764
-0.0828371
-0.0829879
-0.0832151
-0.0835175
-0.0838936
-0.0843419
-0.0848607
-0.0854482
-0.0861026
-0.0868218
-0.0876038
-0.0884464
-0.0893472
-0.0903039
-0.0913139
-0.0923748
-0.0934838
-0.0946382
-0.0958352
-0.0970719
-0.0983453
-0.0996525
-0.10099
-0.102356
-0.103745
-0.105156
-0.106585
-0.108028
-0.109482
-0.110944
-0.112411
-0.113879
-0.115344
-0.116804
-0.118254
-0.119692
-0.121114
-0.122517
-0.123897
-0.125251
-0.126575
-0.127867
-0.129123
-0.13034
-0.131515
-0.132644
-0.133726
-0.134756
-0.135732
-0.136651
-0.13751
-0.138307
-0.139039
-0.139703
-0.140298
-0.14082
-0.141269
-0.141641
-0.141934
-0.142147
-0.142278
-0.142326
-0.142288
-0.142164
-0.141952
-0.14165
-0.141259
-0.140776
-0.140202
-0.139536
-0.138776
-0.137923
-0.136977
-0.135937
-0.134803
-0.133576
-0.132256
-0.130843
-0.129338
-0.127742
-0.126055
-0.124278
-0.122413
-0.120461
-0.118423
-0.116301
-0.114096
-0.11181
-0.109445
-0.107004
-0.104487
-0.101898
-0.0992379
-0.0965104
-0.0937176
-0.0908621
-0.0879469
-0.0849746
-0.0819484
-0.0788711
-0.0757461
-0.0725763
-0.0693652
-0.0661162
-0.0628325
-0.0595178
-0.0561755
-0.0528094
-0.0494229
-0.0460199
-0.042604
-0.039179
-0.0357488
-0.0323171
-0.0288878
-0.0254647
-0.0220518
-0.0186529
-0.0152719
-0.0119126
-0.00857886
-0.0052746
-0.00200361
0.00123031
0.0044234
0.00757192
0.0106722
0.0137205
0.0167134
0.0196472
0.0225184
0.0253237
0.0280596
0.030723
0.0333105
0.0358191
0.0382456
0.0405872
0.042841
0.0450041
0.0470739
0.0490479
0.0509235
0.0526984
0.0543703
0.0559371
0.0573967
0.0587473
0.059987
0.0611141
0.0621272
0.0630247
0.0638054
0.0644681
0.0650117
0.0654353
0.0657382
0.0659196
0.0659791
0.0659162
0.0657306
0.0654223
0.0649912
0.0644374
0.0637612
0.0629629
0.0620431
0.0610023
0.0598413
0.058561
0.0571624
0.0556465
0.0540146
0.0522681
0.0504082
0.0484367
0.0463551
0.0441653
0.041869
0.0394682
0.036965
0.0343615
0.0316598
0.0288624
0.0259716
0.0229898
0.0199195
0.0167634
0.0135241
0.0102042
0.00680658
0.00333402
-0.00021065
-0.00382453
-0.0075047
-0.0112482
-0.0150521
-0.0189133
-0.0228288
-0.0267956
-0.0308107
-0.034871
-0.0389735
-0.0431152
-0.0472929
-0.0515038
-0.0557448
-0.0600129
-0.0643053
-0.068619
-0.0729511
-0.0772989
-0.0816595
-0.0860303
-0.0904085
-0.0947915
-0.0991768
-0.103562
-0.107944
-0.112322
-0.116692
-0.121052
-0.125401
-0.129737
-0.134056
-0.138359
-0.142642
-0.146904
-0.151143
-0.155359
-0.159549
-0.163712
-0.167847
-0.171954
-0.17603
-0.180076
-0.18409
-0.188071
-0.19202
-0.195935
-0.199817
-0.203664
-0.207478
-0.211257
-0.215002
-0.218713
-0.222391
-0.226035
-0.229646
-0.233225
-0.236772
-0.240289
-0.243775
-0.247232
-0.250661
-0.254063
-0.257439
-0.26079
-0.264118
-0.267424
-0.270709
-0.273975
-0.277224
-0.280458
-0.283677
-0.286884
-0.29008
-0.293267
-0.296448
-0.299624
-0.302796
-0.305968
-0.30914
-0.312316
-0.315496
-0.318683
-0.321879
-0.325085
-0.328305
-0.331539
-0.33479
-0.33806
-0.34135
-0.344663
-0.348
-0.351364
-0.354755
-0.358176
-0.361628
-0.365113
-0.368632
-0.372187
-0.37578
-0.379411
-0.383082
-0.386794
-0.390548
-0.394346
-0.398187
-0.402073
-0.406005
-0.409983
-0.414008
-0.41808
-0.422199
-0.426366
-0.430581
-0.434844
-0.439154
-0.443511
-0.447916
-0.452367
-0.456863
-0.461405
-0.465991
-0.47062
-0.475292
-0.480004
-0.484756
-0.489546
-0.494373
-0.499235
-0.504129
-0.509055
-0.51401
-0.518992
-0.523998
-0.529027
-0.534075
-0.539141
-0.544221
-0.549312
-0.554413
-0.559519
-0.564628
-0.569737
-0.574841
-0.579939
-0.585027
-0.590101
-0.595157
-0.600193
-0.605204
-0.610187
-0.615138
-0.620053
-0.624929
-0.629761
-0.634546
-0.63928
-0.643959
-0.64858
-0.653137
-0.657628
-0.662049
-0.666395
-0.670663
-0.674849
-0.678949
-0.68296
-0.686878
-0.690698
-0.694419
-0.698035
-0.701545
-0.704943
-0.708228
-0.711395
-0.714443
-0.717367
-0.720165
-0.722834
-0.725371
-0.727775
-0.730042
-0.73217
-0.734158
-0.736002
-0.737702
-0.739255
-0.740661
-0.741917
-0.743022
-0.743976
-0.744777
-0.745425
-0.745919
-0.746258
-0.746444
-0.746475
-0.746352
-0.746075
-0.745644
-0.745062
-0.744327
-0.743442
-0.742409
-0.741227
-0.7399
-0.738429
-0.736816
-0.735063
-0.733174
-0.73115
-0.728995
-0.726711
-0.724302
-0.721771
-0.719123
-0.71636
-0.713486
-0.710506
-0.707425
-0.704246
-0.700974
-0.697614
-0.69417
-0.690649
-0.687055
-0.683393
-0.67967
-0.67589
-0.672059
-0.668183
-0.664268
-0.660321
-0.656346
-0.652351
-0.648342
-0.644325
-0.640306
-0.636292
-0.63229
-0.628306
-0.624346
-0.620418
-0.616527
-0.612681
-0.608886
-0.605148
-0.601475
-0.597873
-0.594348
-0.590907
-0.587556
-0.584302
-0.581151
-0.578109
-0.575183
-0.572377
-0.569699
-0.567154
-0.564747
-0.562485
-0.560372
-0.558414
-0.556616
-0.554983
-0.55352
-0.55223
-0.551119
-0.550191
-0.54945
-0.548899
-0.548542
-0.548382
-0.548423
-0.548667
-0.549118
-0.549776
-0.550645
-0.551726
-0.553021
-0.554532
-0.556258
-0.558202
-0.560363
-0.562742
-0.565339
-0.568153
-0.571183
-0.57443
-0.577891
-0.581565
-0.58545
-0.589545
-0.593846
-0.59835
-0.603056
-0.607959
-0.613056
-0.618343
-0.623816
-0.62947
-0.635301
-0.641303
-0.647471
-0.6538
-0.660283
-0.666914
-0.673687
-0.680596
-0.687632
-0.69479
-0.702061
-0.709437
-0.716912
-0.724476
-0.732122
-0.73984
-0.747622
-0.755458
-0.763341
-0.77126
-0.779205
-0.787168
-0.795138
-0.803105
-0.81106
-0.818991
-0.826889
-0.834743
-0.842542
-0.850277
-0.857936
-0.865508
-0.872983
-0.88035
-0.887598
-0.894716
-0.901694
-0.90852
-0.915184
-0.921674
-0.927981
-0.934093
-0.94
-0.945691
-0.951155
-0.956384
-0.961365
-0.966089
-0.970547
-0.974728
-0.978623
-0.982221
-0.985515
-0.988495
-0.991151
-0.993476
-0.99546
-0.997096
-0.998376
-0.999291
-0.999835
-1
-0.99978
-0.999167
-0.998156
-0.99674
-0.994914
-0.992673
-0.990011
-0.986924
-0.983407
-0.979457
-0.97507
-0.970242
-0.964972
-0.959255
-0.953091
-0.946476
-0.939411
-0.931894
-0.923924
-0.915502
-0.906627
-0.8973
-0.887521
-0.877294
-0.866618
-0.855497
-0.843932
-0.831928
-0.819486
-0.806612
-0.793309
-0.779582
-0.765435
-0.750874
-0.735905
-0.720534
-0.704767
-0.688611
-0.672073
-0.655161
-0.637883
-0.620246
-0.602259
-0.583932
-0.565272
-0.546291
-0.526997
-0.507401
-0.487513
-0.467344
-0.446904
-0.426205
-0.405258
-0.384075
-0.362667
-0.341047
-0.319228
-0.29722
-0.275038
-0.252694
-0.2302
-0.207571
-0.184819
-0.161957
-0.138999
-0.115959
-0.09285
-0.0696858
-0.0464802
-0.023247
-1.8561e-15
0.023247
0.0464802
